    0.400000    0.810216
    0.800000    1.033499
    1.200000    1.240480
    1.600000    1.347077
    2.000000    1.319349
    2.400000    1.165710
    2.800000    0.938891
    3.200000    0.746416
    3.600000    0.725503
    4.000000    0.894484
    4.400000    1.124784
    4.800000    1.297985
    5.200000    1.351986
    5.600000    1.270349
    6.000000    1.078598
    6.400000    0.850005
    6.800000    0.712976
    7.200000    0.777524
    7.600000    0.988177
    8.000000    1.205482
    8.400000    1.334866
    8.800000    1.333930
    9.200000    1.203090
    9.600000    0.985773
   10.000000    0.777286
   10.400000    0.715765
   10.800000    0.854217
   11.200000    1.081268
   11.600000    1.270126
   12.000000    1.349273
   12.400000    1.294243
   12.800000    1.122181
   13.200000    0.895569
   13.600000    0.731285
   14.000000    0.754095
   14.400000    0.943943
   14.800000    1.165677
   15.200000    1.315017
   15.600000    1.340949
   16.000000    1.235844
   16.400000    1.033855
   16.800000    0.817808
   17.200000    0.719355
   17.600000    0.820049
   18.000000    1.035766
   18.400000    1.235508
   18.800000    1.338275
   19.200000    1.311290
   19.600000    1.163193
   20.000000    0.945843
   20.400000    0.762627
   20.800000    0.742317
   21.200000    0.901993
   21.600000    1.121099
   22.000000    1.287084
   22.400000    1.339826
   22.800000    1.263210
   23.200000    1.082050
   23.600000    0.866810
   24.000000    0.737208
   24.400000    0.793797
   24.800000    0.988860
   25.200000    1.194096
   25.600000    1.318802
   26.000000    1.321160
   26.400000    1.200837
   26.800000    0.999143
   27.200000    0.805256
   27.600000    0.743161
   28.000000    0.863568
   28.400000    1.072292
   28.800000    1.251428
   29.200000    1.330753
   29.600000    1.284917
   30.000000    1.129047
   30.400000    0.921363
   30.800000    0.767279
   31.200000    0.776510
   31.600000    0.941769
   32.000000    1.146902
   32.400000    1.291698
   32.800000    1.324157
   33.200000    1.234388
   33.600000    1.052978
   34.000000    0.855074
   34.400000    0.755249
   34.800000    0.830154
   35.200000    1.020977
   35.600000    1.209590
   36.000000    1.314715
   36.400000    1.300871
   36.800000    1.173114
   37.200000    0.977615
   37.600000    0.805425
   38.000000    0.768321
   38.400000    0.896735
   38.800000    1.096172
   39.200000    1.258618
   39.600000    1.320867
   40.000000    1.262896
   40.400000    1.104526
   40.800000    0.907654
   41.200000    0.775988
   41.600000    0.803547
   42.000000    0.969993
   42.400000    1.163850
   42.800000    1.292884
   43.200000    1.310783
   43.600000    1.212330
   44.000000    1.032175
   44.400000    0.847938
   44.800000    0.769106
   45.200000    0.856665
   45.600000    1.044723
   46.000000    1.221285
   46.400000    1.311589
   46.800000    1.285193
   47.200000    1.151389
   47.600000    0.959983
   48.000000    0.803468
   48.400000    0.785698
   48.800000    0.922406
   49.200000    1.116382
   49.600000    1.266087
   50.000000    1.314106
   50.400000    1.245080
   50.800000    1.082861
   51.200000    0.892884
   51.600000    0.779092
   52.000000    0.824302
   52.400000    0.995000
   52.800000    1.180929
   53.200000    1.296300
   53.600000    1.300253
   54.000000    1.192051
   54.400000    1.010504
   54.800000    0.836954
   55.200000    0.778259
   55.600000    0.880650
   56.000000    1.068771
   56.400000    1.234805
   56.800000    1.310414
   57.200000    1.270379
   57.600000    1.128532
   58.000000    0.939320
   58.400000    0.798380
   58.800000    0.801589
   59.200000    0.948798
   59.600000    1.138517
   60.000000    1.275163
   60.400000    1.307630
   60.800000    1.225693
   61.200000    1.058148
   61.600000    0.875575
   62.000000    0.781807
   62.400000    0.846602
   62.800000    1.022474
   63.200000    1.199828
   63.600000    1.299854
   64.000000    1.287796
   64.400000    1.168273
   64.800000    0.985726
   65.200000    0.825817
   65.600000    0.789844
   66.000000    0.908172
   66.400000    1.095576
   66.800000    1.248961
   67.200000    1.307336
   67.600000    1.251567
   68.000000    1.101426
   68.400000    0.917196
   68.800000    0.795890
   69.200000    0.822586
   69.600000    0.979814
   70.000000    1.162623
   70.400000    1.282878
   70.800000    1.296861
   71.200000    1.200782
   71.600000    1.029830
   72.000000    0.859461
   72.400000    0.790382
   72.800000    0.876225
   73.200000    1.054316
   73.600000    1.218657
   74.000000    1.299213
   74.400000    1.268752
   74.800000    1.138654
   75.200000    0.959517
   75.600000    0.819825
   76.000000    0.811416
   76.400000    0.943796
   76.800000    1.124644
   77.200000    1.259607
   77.600000    1.296906
   78.000000    1.224913
   78.400000    1.070038
   78.800000    0.897893
   79.200000    0.804076
   79.600000    0.856028
   80.000000    1.016717
   80.400000    1.184642
   80.800000    1.282850
   81.200000    1.276553
   81.600000    1.168991
   82.000000    1.001518
   82.400000    0.852922
   82.800000    0.814624
   83.200000    0.916540
   83.600000    1.086557
   84.000000    1.229851
   84.400000    1.287622
   84.800000    1.240509
   85.200000    1.106265
   85.600000    0.940509
   86.000000    0.830187
   86.400000    0.848517
   86.800000    0.983489
   87.200000    1.146863
   87.600000    1.258147
   88.000000    1.275167
   88.400000    1.192948
   88.800000    1.043321
   89.200000    0.893986
   89.600000    0.830920
   90.000000    0.897983
   90.400000    1.048403
   90.800000    1.193755
   91.200000    1.269509
   91.600000    1.248454
   92.000000    1.139246
   92.400000    0.986616
   92.800000    0.866174
   93.200000    0.851871
   93.600000    0.954257
   94.000000    1.105617
   94.400000    1.225852
   94.800000    1.265718
   95.200000    1.211616
   95.600000    1.084904
   96.000000    0.940959
   96.400000    0.856954
   96.800000    0.886634
   97.200000    1.010416
   97.600000    1.152224
   98.000000    1.243815
   98.400000    1.249909
   98.800000    1.169269
   99.200000    1.034617
   99.600000    0.908754
  100.000000    0.863362
