    0.400000    1.022301
    0.800000    1.081868
    1.200000    1.153248
    1.600000    1.233407
    2.000000    1.319871
    2.400000    1.410729
    2.800000    1.504548
    3.200000    1.600272
    3.600000    1.697128
    4.000000    1.794557
    4.400000    1.892149
    4.800000    1.989610
    5.200000    2.086726
    5.600000    2.183342
    6.000000    2.279349
    6.400000    2.374665
    6.800000    2.469231
    7.200000    2.563005
    7.600000    2.655952
    8.000000    2.748044
    8.400000    2.839258
    8.800000    2.929572
    9.200000    3.018965
    9.600000    3.107418
   10.000000    3.194910
   10.400000    3.281422
   10.800000    3.366933
   11.200000    3.451423
   11.600000    3.534868
   12.000000    3.617245
   12.400000    3.698531
   12.800000    3.778699
   13.200000    3.857723
   13.600000    3.935577
   14.000000    4.012231
   14.400000    4.087657
   14.800000    4.161828
   15.200000    4.234715
   15.600000    4.306292
   16.000000    4.376533
   16.400000    4.445413
   16.800000    4.512913
   17.200000    4.579013
   17.600000    4.643687
   18.000000    4.706925
   18.400000    4.768724
   18.800000    4.829067
   19.200000    4.887926
   19.600000    4.945310
   20.000000    5.001245
   20.400000    5.055725
   20.800000    5.108706
   21.200000    5.160178
   21.600000    5.210195
   22.000000    5.258828
   22.400000    5.306070
   22.800000    5.351845
   23.200000    5.396099
   23.600000    5.438891
   24.000000    5.480362
   24.400000    5.520624
   24.800000    5.559655
   25.200000    5.597318
   25.600000    5.633481
   26.000000    5.668145
   26.400000    5.701479
   26.800000    5.733724
   27.200000    5.765050
   27.600000    5.795452
   28.000000    5.824743
   28.400000    5.852674
   28.800000    5.879084
   29.200000    5.904000
   29.600000    5.927655
   30.000000    5.950392
   30.400000    5.972516
   30.800000    5.994174
   31.200000    6.015292
   31.600000    6.035603
   32.000000    6.054749
   32.400000    6.072435
   32.800000    6.088544
   33.200000    6.103157
   33.600000    6.116547
   34.000000    6.129127
   34.400000    6.141332
   34.800000    6.153467
   35.200000    6.165637
   35.600000    6.177764
   36.000000    6.189609
   36.400000    6.200779
   36.800000    6.210820
   37.200000    6.219384
   37.600000    6.226340
   38.000000    6.231750
   38.400000    6.235786
   38.800000    6.238713
   39.200000    6.240919
   39.600000    6.242899
   40.000000    6.245120
   40.400000    6.247860
   40.800000    6.251168
   41.200000    6.254937
   41.600000    6.259001
   42.000000    6.263147
   42.400000    6.267045
   42.800000    6.270216
   43.200000    6.272125
   43.600000    6.272366
   44.000000    6.270797
   44.400000    6.267534
   44.800000    6.262842
   45.200000    6.256980
   45.600000    6.250130
   46.000000    6.242449
   46.400000    6.234202
   46.800000    6.225810
   47.200000    6.217783
   47.600000    6.210583
   48.000000    6.204493
   48.400000    6.199541
   48.800000    6.195541
   49.200000    6.192250
   49.600000    6.189487
   50.000000    6.187143
   50.400000    6.185134
   50.800000    6.183329
   51.200000    6.181463
   51.600000    6.179060
   52.000000    6.175494
   52.400000    6.170192
   52.800000    6.162841
   53.200000    6.153447
   53.600000    6.142242
   54.000000    6.129587
   54.400000    6.115919
   54.800000    6.101673
   55.200000    6.087156
   55.600000    6.072447
   56.000000    6.057443
   56.400000    6.042050
   56.800000    6.026351
   57.200000    6.010639
   57.600000    5.995329
   58.000000    5.980836
   58.400000    5.967534
   58.800000    5.955737
   59.200000    5.945649
   59.600000    5.937281
   60.000000    5.930415
   60.400000    5.924682
   60.800000    5.919729
   61.200000    5.915361
   61.600000    5.911563
   62.000000    5.908386
   62.400000    5.905860
   62.800000    5.903966
   63.200000    5.902665
   63.600000    5.901903
   64.000000    5.901579
   64.400000    5.901471
   64.800000    5.901113
   65.200000    5.899764
   65.600000    5.896582
   66.000000    5.890913
   66.400000    5.882473
   66.800000    5.871332
   67.200000    5.857779
   67.600000    5.842208
   68.000000    5.825026
   68.400000    5.806562
   68.800000    5.787047
   69.200000    5.766702
   69.600000    5.745872
   70.000000    5.725016
   70.400000    5.704531
   70.800000    5.684545
   71.200000    5.664869
   71.600000    5.645116
   72.000000    5.624877
   72.400000    5.603829
   72.800000    5.581788
   73.200000    5.558766
   73.600000    5.535031
   74.000000    5.511055
   74.400000    5.487350
   74.800000    5.464312
   75.200000    5.442172
   75.600000    5.421070
   76.000000    5.401151
   76.400000    5.382621
   76.800000    5.365718
   77.200000    5.350623
   77.600000    5.337413
   78.000000    5.326057
   78.400000    5.316410
   78.800000    5.308231
   79.200000    5.301226
   79.600000    5.295124
   80.000000    5.289788
   80.400000    5.285290
   80.800000    5.281925
   81.200000    5.280119
   81.600000    5.280238
   82.000000    5.282453
   82.400000    5.286750
   82.800000    5.293052
   83.200000    5.301304
   83.600000    5.311470
   84.000000    5.323507
   84.400000    5.337355
   84.800000    5.352955
   85.200000    5.370250
   85.600000    5.389180
   86.000000    5.409678
   86.400000    5.431625
   86.800000    5.454726
   87.200000    5.478337
   87.600000    5.501453
   88.000000    5.522958
   88.400000    5.541977
   88.800000    5.558081
   89.200000    5.571258
   89.600000    5.581767
   90.000000    5.590005
   90.400000    5.596405
   90.800000    5.601382
   91.200000    5.605315
   91.600000    5.608505
   92.000000    5.611170
   92.400000    5.613524
   92.800000    5.615873
   93.200000    5.618571
   93.600000    5.621810
   94.000000    5.625467
   94.400000    5.629198
   94.800000    5.632692
   95.200000    5.635884
   95.600000    5.639019
   96.000000    5.642589
   96.400000    5.647161
   96.800000    5.653194
   97.200000    5.660928
   97.600000    5.670378
   98.000000    5.681376
   98.400000    5.693556
   98.800000    5.706338
   99.200000    5.719051
   99.600000    5.731125
  100.000000    5.742256
