    0.400000    0.489984
    0.800000    0.591677
    1.200000    0.566901
    1.600000    0.509127
    2.000000    0.707242
    2.400000    0.488541
    2.800000    0.615347
    3.200000    0.525753
    3.600000    0.525101
    4.000000    0.699620
    4.400000    0.494933
    4.800000    0.646020
    5.200000    0.486033
    5.600000    0.527109
    6.000000    0.679086
    6.400000    0.500833
    6.800000    0.671698
    7.200000    0.471301
    7.600000    0.538249
    8.000000    0.651964
    8.400000    0.512613
    8.800000    0.686812
    9.200000    0.458131
    9.600000    0.564945
   10.000000    0.623531
   10.400000    0.528957
   10.800000    0.694385
   11.200000    0.431301
   11.600000    0.583950
   12.000000    0.594369
   12.400000    0.548164
   12.800000    0.701101
   13.200000    0.423306
   13.600000    0.593443
   14.000000    0.556060
   14.400000    0.570593
   14.800000    0.705406
   15.200000    0.445553
   15.600000    0.612400
   16.000000    0.499588
   16.400000    0.582769
   16.800000    0.696009
   17.200000    0.471709
   17.600000    0.637184
   18.000000    0.450449
   18.400000    0.584811
   18.800000    0.675540
   19.200000    0.495193
   19.600000    0.654912
   20.000000    0.424652
   20.400000    0.594893
   20.800000    0.652110
   21.200000    0.527335
   21.600000    0.663494
   22.000000    0.391689
   22.400000    0.608514
   22.800000    0.625158
   23.200000    0.559973
   23.600000    0.670365
   24.000000    0.356140
   24.400000    0.609285
   24.800000    0.594597
   25.200000    0.589609
   25.600000    0.681928
   26.000000    0.364030
   26.400000    0.607216
   26.800000    0.549018
   27.200000    0.614441
   27.600000    0.686859
   28.000000    0.410560
   28.400000    0.617499
   28.800000    0.487574
   29.200000    0.626515
   29.600000    0.675772
   30.000000    0.450091
   30.400000    0.631734
   30.800000    0.439163
   31.200000    0.634896
   31.600000    0.659057
   32.000000    0.488115
   32.400000    0.635580
   32.800000    0.401640
   33.200000    0.646695
   33.600000    0.641331
   34.000000    0.537579
   34.400000    0.633895
   34.800000    0.351000
   35.200000    0.649049
   35.600000    0.616957
   36.000000    0.582048
   36.400000    0.640896
   36.800000    0.317331
   37.200000    0.639170
   37.600000    0.584613
   38.000000    0.614916
   38.400000    0.651552
   38.800000    0.347625
   39.200000    0.631708
   39.600000    0.540067
   40.000000    0.639378
   40.400000    0.650548
   40.800000    0.399882
   41.200000    0.633516
   41.600000    0.489316
   42.000000    0.656876
   42.400000    0.638926
   42.800000    0.438568
   43.200000    0.631801
   43.600000    0.449082
   44.000000    0.672807
   44.400000    0.629547
   44.800000    0.485728
   45.200000    0.619300
   45.600000    0.410259
   46.000000    0.684191
   46.400000    0.617258
   46.800000    0.546127
   47.200000    0.609158
   47.600000    0.363000
   48.000000    0.680692
   48.400000    0.593097
   48.800000    0.593073
   49.200000    0.610786
   49.600000    0.350160
   50.000000    0.669010
   50.400000    0.563315
   50.800000    0.624414
   51.200000    0.611849
   51.600000    0.384911
   52.000000    0.661027
   52.400000    0.529513
   52.800000    0.651409
   53.200000    0.600441
   53.600000    0.421981
   54.000000    0.653503
   54.400000    0.494800
   54.800000    0.673932
   55.200000    0.588971
   55.600000    0.449182
   56.000000    0.637673
   56.400000    0.470542
   56.800000    0.694233
   57.200000    0.585829
   57.600000    0.495879
   58.000000    0.613495
   58.400000    0.444357
   58.800000    0.705089
   59.200000    0.575174
   59.600000    0.553936
   60.000000    0.593686
   60.400000    0.418721
   60.800000    0.700574
   61.200000    0.552757
   61.600000    0.594560
   62.000000    0.585459
   62.400000    0.423942
   62.800000    0.692717
   63.200000    0.531721
   63.600000    0.623597
   64.000000    0.569342
   64.400000    0.452631
   64.800000    0.685697
   65.200000    0.513986
   65.600000    0.651511
   66.000000    0.542909
   66.400000    0.468264
   66.800000    0.671176
   67.200000    0.500847
   67.600000    0.678730
   68.000000    0.530959
   68.400000    0.482527
   68.800000    0.646148
   69.200000    0.493562
   69.600000    0.699858
   70.000000    0.529480
   70.400000    0.522593
   70.800000    0.615574
   71.200000    0.486436
   71.600000    0.707808
   72.000000    0.514351
   72.400000    0.565547
   72.800000    0.591265
   73.200000    0.486139
   73.600000    0.707400
   74.000000    0.494656
   74.400000    0.592203
   74.800000    0.567643
   75.200000    0.503494
   75.600000    0.706663
   76.000000    0.491376
   76.400000    0.616323
   76.800000    0.528970
   77.200000    0.521056
   77.600000    0.698908
   78.000000    0.495860
   78.400000    0.646026
   78.800000    0.489578
   79.200000    0.524710
   79.600000    0.679417
   80.000000    0.500885
   80.400000    0.672113
   80.800000    0.473322
   81.200000    0.534591
   81.600000    0.652247
   82.000000    0.512265
   82.400000    0.688441
   82.800000    0.462378
   83.200000    0.561227
   83.600000    0.622579
   84.000000    0.527099
   84.400000    0.696171
   84.800000    0.437756
   85.200000    0.583369
   85.600000    0.593484
   86.000000    0.544994
   86.400000    0.701514
   86.800000    0.427132
   87.200000    0.594270
   87.600000    0.556627
   88.000000    0.567604
   88.400000    0.705505
   88.800000    0.447329
   89.200000    0.612227
   89.600000    0.501108
   90.000000    0.580791
   90.400000    0.696976
   90.800000    0.473927
   91.200000    0.637522
   91.600000    0.450126
   92.000000    0.582392
   92.400000    0.676083
   92.800000    0.496810
   93.200000    0.656380
   93.600000    0.425064
   94.000000    0.591317
   94.400000    0.651689
   94.800000    0.526991
   95.200000    0.665823
   95.600000    0.395679
   96.000000    0.606101
   96.400000    0.624412
   96.800000    0.559058
   97.200000    0.672021
   97.600000    0.360476
   98.000000    0.608701
   98.400000    0.593721
   98.800000    0.588190
   99.200000    0.682680
   99.600000    0.365586
  100.000000    0.606519
